98.467	1.7033E-06
95.473	1.7147E-06
92.57	0.000001727
89.755	1.7402E-06
87.026	1.7547E-06
84.38	1.7701E-06
83.192	1.7783E-06
81.814	1.7853E-06
79.327	1.7989E-06
76.915	1.8134E-06
74.576	1.8298E-06
72.309	1.8476E-06
70.108	1.8668E-06
67.977	0.000001888
65.91	1.9107E-06
63.906	1.9351E-06
61.963	1.9629E-06
60.079	0.000001993
58.252	2.0281E-06
57.576	2.0417E-06
56.481	2.0592E-06
54.763	2.0907E-06
53.098	2.1237E-06
51.484	2.1612E-06
49.917	2.2024E-06
48.399	0.000002248
46.928	2.2983E-06
45.736	2.3442E-06
45.501	2.3518E-06
44.117	2.4005E-06
42.776	2.4541E-06
41.475	0.000002513
40.214	2.5793E-06
38.992	2.6534E-06
38.43	2.6915E-06
37.806	2.7271E-06
36.656	2.8009E-06
35.541	2.8827E-06
34.46	2.9744E-06
33.413	3.0782E-06
33.3	3.0903E-06
32.397	3.1747E-06
31.412	3.2802E-06
30.457	3.3994E-06
29.53	3.5375E-06
29.462	3.5481E-06
28.633	3.6593E-06
27.762	3.8019E-06
26.918	3.9619E-06
26.408	4.0738E-06
26.099	4.1333E-06
25.305	4.3043E-06
24.536	4.5009E-06
23.958	4.6774E-06
23.79	4.7228E-06
23.066	4.9386E-06
22.365	0.000005188
21.927	5.3703E-06
21.685	5.4613E-06
21.026	5.7425E-06
20.386	6.0716E-06
20.221	0.000006166
19.767	6.4047E-06
19.165	6.7858E-06
18.769	7.0795E-06
18.583	7.2078E-06
18.017	7.6507E-06
17.515	8.1283E-06
17.469	8.1677E-06
16.938	8.6996E-06
16.427	9.3325E-06
16.423	9.3368E-06
15.924	9.9793E-06
15.468	0.000010715
15.44	0.00001076
14.97	0.000011564
14.62	0.000012303
14.515	0.000012514
14.074	0.000013549
13.866	0.000014125
13.646	0.000014723
13.231	0.000016077
13.193	0.000016218
12.828	0.000017535
12.583	0.000018621
12.438	0.000019253
12.06	0.000021242
12.037	0.00002138
11.693	0.000023421
11.536	0.000024547
11.338	0.000025978
11.083	0.000028184
10.993	0.00002898
10.672	0.000032359
10.659	0.000032501
10.335	0.000036526
10.291	0.000037154
10.021	0.000041257
9.9412	0.000042658
9.7157	0.000046892
9.6192	0.000048978
9.4203	0.000053592
9.3211	0.000056234
9.1339	0.00006166
9.0454	0.000064565
8.8561	0.000071433
8.7896	0.000074131
8.5868	0.000083368
8.5522	0.000085114
8.3312	0.000097724
8.3257	0.000098062
8.1195	0.0001122
8.0726	0.0001159
7.9217	0.00012882
7.8271	0.00013832
7.7375	0.00014791
7.5891	0.00016696
7.5677	0.00016982
7.4017	0.00019498
7.3583	0.00020272
7.2433	0.00022387
7.1346	0.00024883
7.0985	0.00025704
6.9566	0.00029512
6.9176	0.00030768
6.817	0.00033884
6.7073	0.00038353
6.6922	0.00038905
6.5572	0.00044668
6.5033	0.00047643
6.4237	0.00051286
6.3056	0.000586
6.2997	0.00058884
6.1492	0.00067608
6.1138	0.00070243
6.044	0.00077625
5.962	0.00089125
5.9279	0.00094995
5.8823	0.0010233
5.808	0.0011749
5.7478	0.001349
5.7477	0.0013493
5.6679	0.0015488
5.6055	0.0017783
5.5729	0.0019342
5.5388	0.0020417
5.4658	0.0023442
5.4116	0.0026915
5.4034	0.0027536
5.2789	0.0030903
5.2391	0.0032779
5.1876	0.0035481
5.1189	0.0040738
5.0798	0.0045269
5.0638	0.0046774
5.0077	0.0053703
4.9688	0.006166
4.94	0.0070795
4.9253	0.0076966
4.8916	0.0070795
4.8617	0.006166
4.8455	0.0053703
4.8362	0.0046774
4.8308	0.0040738
4.8279	0.0035481
4.8266	0.0030903
4.8265	0.0026915
4.8272	0.0023442
4.8286	0.0020417
4.8305	0.0017783
4.8329	0.0015488
4.8358	0.001349
4.839	0.0011749
4.8426	0.0010233
4.8467	0.00089125
4.8511	0.00077625
4.8561	0.00067608
4.8616	0.00058884
4.8678	0.00051286
4.8747	0.00044668
4.8824	0.00038905
4.8911	0.00033884
4.9009	0.00029512
4.912	0.00025704
4.9247	0.00022387
4.9253	0.00022233
4.9393	0.00019498
4.9541	0.00016982
4.9692	0.00014791
4.9848	0.00012882
5.001	0.0001122
5.0181	0.000097724
5.0364	0.000085114
5.0562	0.000074131
5.0777	0.000064565
5.0798	0.000063753
5.1015	0.000056234
5.1262	0.000048978
5.152	0.000042658
5.1792	0.000037154
5.2082	0.000032359
5.2391	0.000028236
5.2395	0.000028184
5.2693	0.000024547
5.3011	0.00002138
5.3353	0.000018621
5.3721	0.000016218
5.4034	0.000014541
5.4114	0.000014125
5.4502	0.000012303
5.492	0.000010715
5.5375	9.3325E-06
5.5729	8.4431E-06
5.586	8.1283E-06
5.635	7.0795E-06
5.6881	0.000006166
5.7463	5.3703E-06
5.7477	5.3543E-06
5.8049	4.6774E-06
5.8684	4.0738E-06
5.9279	3.6149E-06
5.9373	3.5481E-06
6.0076	3.0903E-06
6.0848	2.6915E-06
6.1138	2.5604E-06
6.1643	2.3442E-06
6.2489	2.0417E-06
6.3056	1.8724E-06
6.3391	1.7783E-06
6.4333	1.5488E-06
6.5033	0.000001408
6.535	0.000001349
6.6417	1.1749E-06
6.7073	1.0852E-06
6.7567	1.0233E-06
6.8794	8.9125E-07
6.9176	8.5526E-07
7.0104	7.7625E-07
7.1346	6.877E-07
7.1529	6.7608E-07
7.3049	5.8884E-07
7.3583	5.6221E-07
7.4701	5.1286E-07
7.5891	4.673E-07
7.6503	4.4668E-07
7.8271	3.9428E-07
7.8472	3.8905E-07
8.0633	3.3884E-07
8.0726	3.369E-07
8.3019	2.9512E-07
8.3257	2.9121E-07
8.5679	2.5704E-07
8.5868	2.5462E-07
8.8561	2.2491E-07
8.8673	2.2387E-07
9.1339	2.004E-07
9.2081	1.9498E-07
9.4203	1.8022E-07
9.6017	1.6982E-07
9.7157	1.6353E-07
10.021	1.523E-07
10.335	1.4918E-07
10.363	1.4791E-07
10.625	1.2882E-07
10.659	1.2779E-07
10.993	1.1912E-07
11.327	1.122E-07
11.338	1.1197E-07
11.693	1.0556E-07
12.06	1.0025E-07
12.27	9.7724E-08
12.438	9.5653E-08
12.828	9.1601E-08
13.231	8.8206E-08
13.646	8.5369E-08
13.691	8.5114E-08
14.074	8.2794E-08
14.515	8.0575E-08
14.97	7.8759E-08
15.44	7.7304E-08
15.924	7.6068E-08
16.423	7.511E-08
16.938	7.437E-08
17.157	7.4131E-08
17.469	7.3773E-08
18.017	7.3367E-08
18.583	7.3131E-08
19.165	7.3097E-08
19.767	7.3232E-08
20.386	7.3502E-08
21.026	7.3943E-08
21.23	7.4131E-08
21.685	7.449E-08
22.365	7.5162E-08
23.066	7.5945E-08
23.79	7.686E-08
24.536	7.7911E-08
25.305	7.9122E-08
26.099	8.0519E-08
26.918	8.1997E-08
27.762	8.3637E-08
28.454	8.5114E-08
28.633	8.5467E-08
29.53	8.7297E-08
30.457	8.9289E-08
31.412	9.1453E-08
32.397	9.3799E-08
33.413	9.6339E-08
33.949	9.7724E-08
34.46	9.8969E-08
35.541	1.017E-07
36.656	1.0464E-07
37.806	1.0782E-07
38.992	1.1122E-07
39.321	1.122E-07
40.214	1.1471E-07
41.475	1.1836E-07
42.776	1.2229E-07
44.117	1.265E-07
44.831	1.2882E-07
45.501	1.3092E-07
46.928	1.3539E-07
48.399	1.4025E-07
49.917	1.4548E-07
50.615	1.4791E-07
51.484	1.5083E-07
53.098	1.5639E-07
54.763	1.6241E-07
56.481	1.6881E-07
56.751	1.6982E-07
58.252	1.7531E-07
60.079	1.8218E-07
61.963	1.8954E-07
63.313	1.9498E-07
63.906	1.9733E-07
65.91	2.0535E-07
67.977	2.1389E-07
70.108	2.2295E-07
70.322	2.2387E-07
72.309	2.3233E-07
74.576	2.4227E-07
76.915	2.5281E-07
77.836	2.5704E-07
79.327	2.6388E-07
81.814	2.7555E-07
84.38	2.8794E-07
85.858	2.9512E-07
87.026	3.0088E-07
89.755	3.1456E-07
92.57	3.2908E-07
94.443	3.3884E-07
95.473	3.4435E-07
98.467	3.605E-07

