5.958544117	0.000666828
6.019959971	0.000567219
6.08200885	0.000475896
6.144697278	0.00035713
6.208031848	0.000257327
6.272019219	0.000197882
6.336666121	0.000157434
6.40197935	0.000113811
6.467965776	8.43986E-05
6.534632336	6.92476E-05
6.601986041	4.97381E-05
6.670033974	3.58384E-05
6.738783289	2.94747E-05
6.808241217	2.21874E-05
6.878415061	1.58853E-05
6.949312201	1.34649E-05
7.020940091	1.10456E-05
7.093306263	9.17527E-06
7.166418327	7.81349E-06
7.240283971	7.15985E-06
7.314910962	6.09558E-06
7.390307149	5.15171E-06
7.466480458	4.62554E-06
7.5434389	3.97744E-06
7.621190567	3.38793E-06
7.699743635	2.96501E-06
7.779106365	2.65027E-06
7.859287102	2.26012E-06
7.940294277	1.93221E-06
8.022136409	1.77354E-06
8.104822103	1.55405E-06
8.188360054	1.36065E-06
8.272759047	1.24637E-06
8.358027957	1.13056E-06
8.444175749	9.94402E-07
8.531211483	8.97107E-07
8.619144312	8.22868E-07
8.70798348	7.2796E-07
8.797738331	6.39691E-07
8.888418303	5.87641E-07
8.98003293	5.31124E-07
9.072591846	4.76021E-07
9.166104786	4.42603E-07
9.26058158	4.10762E-07
9.356032166	3.69649E-07
9.452466578	3.39677E-07
9.549894959	3.17653E-07
9.648327553	2.88047E-07
9.74777471	2.613E-07
9.848246888	2.44452E-07
9.949754652	2.25478E-07
10.05230868	2.06551E-07
10.15591974	1.92042E-07
10.26059875	1.80739E-07
10.3663567	1.6801E-07
10.47320472	1.55961E-07
10.58115405	1.45238E-07
10.69021603	1.34754E-07
10.80040213	1.25553E-07
10.91172394	1.18186E-07
11.02419316	1.09507E-07
11.13782163	1.01364E-07
11.25262129	9.38244E-08
11.36860421	8.8565E-08
11.48578258	8.20834E-08
11.60416874	7.64234E-08
11.72377513	7.09749E-08
11.84461432	6.613E-08
11.96669903	6.13403E-08
12.09004208	5.85227E-08
12.21465646	5.47925E-08
12.34055526	5.14096E-08
12.46775172	4.88359E-08
12.59625922	4.60652E-08
12.72609127	4.3459E-08
12.85726153	4.07524E-08
12.98978378	3.90047E-08
13.12367197	3.67019E-08
13.25894016	3.44161E-08
13.3956026	3.27465E-08
13.53367363	3.13684E-08
13.6731678	2.91369E-08
13.81409975	2.81094E-08
13.95648432	2.66919E-08
14.10033647	2.51402E-08
14.24567134	2.41128E-08
14.3925042	2.28404E-08
14.54085049	2.18808E-08
14.69072581	2.10385E-08
14.84214594	2.00808E-08
14.99512677	1.92371E-08
15.14968441	1.84289E-08
15.30583511	1.77696E-08
15.46359527	1.69128E-08
15.62298151	1.6196E-08
15.78401057	1.5337E-08
15.94669938	1.46237E-08
16.11106506	1.40753E-08
16.27712489	1.3676E-08
16.44489633	1.33845E-08
16.61439702	1.27111E-08
16.78564479	1.22212E-08
16.95865764	1.19132E-08
17.13345377	1.155E-08
17.31005155	1.09453E-08
17.48846956	1.05613E-08
17.66872656	1.03362E-08
17.8508415	1.00833E-08
18.03483354	9.54478E-09
18.22072202	9.14376E-09
18.40852649	8.93239E-09
18.59826669	8.55156E-09
18.78996258	8.13571E-09
18.98363432	7.8873E-09
19.17930227	7.55628E-09
19.376987	7.15274E-09
19.57670931	6.96448E-09
19.7784902	6.72324E-09
19.98235088	6.44077E-09
20.18831279	6.20293E-09
20.39639759	6.05403E-09
20.60662716	5.84097E-09
20.81902361	5.75898E-09
21.03360927	5.57484E-09
21.2504067	5.34882E-09
21.46943871	5.15155E-09
21.69072832	5.10243E-09
21.9142988	4.93562E-09
22.14017367	4.84017E-09
22.36837667	4.76012E-09
22.59893181	4.65968E-09
22.83186332	4.57197E-09
23.0671957	4.48162E-09
23.3049537	4.38822E-09
23.54516231	4.37428E-09
23.78784681	4.27019E-09
24.03303269	4.20763E-09
24.28074575	4.03085E-09
24.53101204	3.90796E-09
24.78385788	3.85615E-09
25.03930984	3.76223E-09
25.29739479	3.69142E-09
25.55813988	3.50116E-09
25.82157252	3.45416E-09
26.0877204	3.35681E-09
26.35661152	3.27694E-09
26.62827416	3.238E-09
26.90273687	3.16042E-09
27.18002853	3.0601E-09
27.46017828	2.96361E-09
27.74321559	2.90518E-09
28.02917022	2.84122E-09
28.31807223	2.83559E-09
28.60995202	2.76812E-09
28.90484026	2.74876E-09
29.20276798	2.66969E-09
29.5037665	2.6148E-09
29.80786746	2.57477E-09
30.11510285	2.5135E-09
30.42550497	2.51309E-09
30.73910647	2.48246E-09
31.05594032	2.4529E-09
31.37603983	2.4525E-09
31.69943868	2.39415E-09
32.02617085	2.39376E-09
32.35627072	2.3396E-09
32.68977299	2.30864E-09
33.02671273	2.29382E-09
33.36712538	2.22655E-09
33.71104672	2.2262E-09
34.05851292	2.20233E-09
34.40956053	2.17287E-09
34.76422645	2.16053E-09
35.12254798	2.12083E-09
35.4845628	2.12048E-09
35.85030897	2.12014E-09
36.21982496	2.1198E-09
36.59314963	2.08424E-09
36.97032222	2.06903E-09
37.3513824	2.06869E-09
37.73637024	2.06836E-09
38.12532622	2.01668E-09
38.51829125	1.99481E-09
38.91530664	1.99449E-09
39.31641415	1.99417E-09
39.72165595	1.96067E-09
40.13107465	1.92326E-09
40.54471332	1.92295E-09
40.96261543	1.92264E-09
41.38482494	1.92233E-09
41.81138624	1.92202E-09
42.2423442	1.92171E-09
42.67774412	1.9214E-09
43.11763179	1.92109E-09
43.56205346	1.92078E-09
44.01105588	1.92048E-09
44.46468625	1.92017E-09
44.92299227	1.87447E-09
45.38602214	1.87417E-09
45.85382455	1.87387E-09
46.32644869	1.87357E-09
46.80394426	1.87327E-09
47.28636146	1.87296E-09
47.77375103	1.87266E-09
48.26616422	1.87236E-09
48.7636528	1.87206E-09
49.2662691	1.87176E-09
49.77406596	1.87146E-09
50.28709677	1.87115E-09
50.80541549	1.87085E-09
51.32907663	1.87055E-09
51.85813524	1.87025E-09
52.39264695	1.86995E-09
52.93266798	1.86965E-09
53.47825511	1.86934E-09
54.02946572	1.86904E-09
54.58635775	1.86874E-09
55.14898978	1.86844E-09
55.71742096	1.86814E-09
56.29171108	1.86784E-09
56.87192051	1.86754E-09
57.45811027	1.86724E-09
58.050342	1.86693E-09
58.64867797	1.86663E-09
59.25318111	1.86633E-09
59.86391498	1.86603E-09
60.4809438	1.86573E-09
61.10433246	1.86543E-09
61.73414649	1.86513E-09
62.37045215	1.86483E-09
63.01331633	1.86453E-09
63.66280663	1.86423E-09
64.31899135	1.86393E-09
64.98193949	1.86363E-09
65.65172077	1.86333E-09
66.32840561	1.86303E-09
67.01206517	1.86273E-09
67.70277134	1.86242E-09
68.40059675	1.86212E-09
69.10561478	1.86182E-09
69.81789957	1.88433E-09
70.53752601	1.90628E-09
71.26456978	1.90598E-09
71.99910733	1.93188E-09
72.7412159	1.97497E-09
73.49097352	1.97465E-09
74.24845904	1.97434E-09
75.0137521	2.03469E-09
75.78693319	2.04581E-09
76.56808361	2.04548E-09
77.35728549	2.06713E-09
78.15462182	2.09432E-09
78.96017645	2.09398E-09
79.77403409	2.12535E-09
80.59628032	2.14399E-09
81.42700159	2.14364E-09
82.26628527	2.1433E-09
83.1142196	2.14295E-09
83.97089375	2.14759E-09
84.83639781	2.19365E-09
85.71082279	2.19377E-09
86.59426063	2.19342E-09
87.48680423	2.19306E-09
88.38854746	2.19271E-09
89.29958512	2.21661E-09
90.22001302	2.26415E-09
91.14992795	2.27172E-09
92.08942768	2.27135E-09
93.03861102	2.27099E-09
93.99757778	2.29403E-09
94.96642879	2.3532E-09
95.94526593	2.35282E-09
96.93419214	2.35244E-09
97.93331139	2.35206E-09
98.94272876	2.35168E-09
99.96255038	2.40822E-09
100.9928835	2.40784E-09
102.0338365	2.40745E-09
103.0855187	2.46215E-09
104.1480409	2.46494E-09
105.2215147	2.46454E-09
106.3060529	2.4824E-09
107.4017698	2.52339E-09
108.5087803	2.52299E-09
109.6272011	2.52258E-09
110.7571496	2.59745E-09
111.8987447	2.6139E-09
113.0521065	2.61347E-09
114.2173562	2.66492E-09
115.3946163	2.70808E-09
116.5840107	2.70764E-09
117.7856644	2.71318E-09
118.9997037	2.77137E-09
120.2262564	2.77186E-09
121.4654515	2.77141E-09
122.7174191	2.81555E-09
123.982291	2.83759E-09
125.2602002	2.83713E-09
126.551281	2.86043E-09
127.8556693	2.90488E-09
129.1735021	2.90441E-09
130.5049181	2.90603E-09
131.8500572	2.99861E-09
133.209061	3.00907E-09
134.5820723	3.00858E-09
135.9692354	3.08869E-09
137.3706963	3.11749E-09
138.7866024	3.11699E-09
140.2171024	3.13792E-09
141.6623469	3.19142E-09
143.1224878	3.19091E-09
144.5976787	3.19039E-09
146.0880746	3.25632E-09
147.5938323	3.26658E-09
149.1151102	3.26605E-09
150.6520681	3.30823E-09
152.2048678	3.34404E-09
153.7736725	3.34351E-09
155.3586471	3.36096E-09
156.9599584	3.46454E-09
158.5777747	3.46398E-09
160.2122661	3.46342E-09
161.8636046	3.57221E-09
163.5319637	3.5888E-09
165.217519	3.58822E-09
166.9204475	3.62916E-09
168.6409285	3.6739E-09
170.3791428	3.67331E-09
172.1352732	3.68701E-09
173.9095044	3.76103E-09
175.7020229	3.76042E-09
177.5130173	3.75982E-09
179.3426779	3.80217E-09
181.1911971	3.8496E-09
183.0587695	3.84898E-09
184.9455912	3.84836E-09
186.8518608	3.97048E-09
188.7777786	3.98767E-09
190.7235473	3.99659E-09
192.6893714	4.08231E-09
194.6754576	4.13136E-09
196.6820147	4.13069E-09
198.7092539	4.16482E-09
200.7573882	4.22933E-09
202.826633	4.22865E-09
204.9172058	4.22797E-09
207.0293267	4.32963E-09
209.1632175	4.32893E-09
211.3191028	4.32823E-09
213.4972092	4.41788E-09
215.6977658	4.43159E-09
217.9210039	4.43087E-09
220.1671574	4.50782E-09
222.4364624	4.59127E-09
224.7291575	4.59053E-09
227.0454839	4.65494E-09
229.3856851	4.75671E-09
231.7500073	4.75594E-09
234.1386989	4.75517E-09
236.5520112	4.85436E-09
238.9901981	4.86872E-09
241.4535157	4.86794E-09
243.9422233	4.93174E-09
246.4565824	4.98418E-09
248.9968576	4.98338E-09
251.5633158	5.01036E-09
254.156227	5.10238E-09
256.7758638	5.10156E-09
259.4225018	5.10074E-09
262.0964191	5.2378E-09
264.797897	5.28538E-09
267.5272196	5.28453E-09
270.2846738	5.40874E-09
273.0705496	5.47583E-09
275.88514	5.47495E-09
278.7287409	5.51886E-09
281.6016513	5.60569E-09
284.5041734	5.60478E-09
287.4366123	5.60388E-09
290.3992764	5.73862E-09
293.3924773	5.7377E-09
296.4165297	5.73677E-09
299.4717515	5.85419E-09
302.5584641	5.87377E-09
305.6769921	5.87282E-09
308.8276633	6.02962E-09
312.0108091	6.08541E-09
315.2267641	6.08443E-09
318.4758667	6.16832E-09
321.7584583	6.30469E-09
325.0748843	6.30367E-09
328.4254933	6.30265E-09
331.8106377	6.4542E-09
335.2306734	6.45316E-09
338.68596	6.47567E-09
342.176861	6.60726E-09
345.7037433	6.6062E-09
349.2669779	6.60513E-09
352.8669394	6.71999E-09
356.5040065	6.76286E-09
360.1785614	6.7642E-09
363.8909907	6.97717E-09
367.6416848	7.00654E-09
371.4310379	7.00541E-09
375.2594487	7.18935E-09
379.1273195	7.25901E-09
383.0350573	7.25784E-09
386.9830729	7.30396E-09
390.9717815	7.43115E-09
395.0016024	7.42995E-09
399.0729594	7.50968E-09
403.1862807	7.60738E-09
407.3419988	7.60615E-09
411.5405507	7.78904E-09
415.7823779	7.78779E-09
420.0679263	7.78653E-09
424.3976468	7.99883E-09
428.7719945	8.0684E-09
433.1914294	8.10703E-09
437.6564163	8.35987E-09
442.1674247	8.35913E-09
446.7249289	8.41487E-09
451.3294082	8.55874E-09
455.9813467	8.55736E-09
460.6812336	8.65188E-09
465.4295632	8.76171E-09
470.2268347	8.81358E-09
475.0735526	8.97094E-09
479.9702266	8.96949E-09
484.9173715	8.96804E-09
489.9155076	9.25617E-09
494.9651604	9.29268E-09
500.066861	9.45542E-09
505.2211457	9.62908E-09
510.4285567	9.62752E-09
515.6896414	9.62597E-09
521.0049532	9.78492E-09
526.3750509	9.85584E-09
531.8004992	9.85425E-09
537.2818686	9.94091E-09
542.8197356	1.00896E-08
548.4146824	1.00879E-08
554.0672974	1.00994E-08
559.778175	1.0316E-08
565.5479157	1.03272E-08
571.3771262	1.03255E-08
577.2664195	1.05129E-08
583.2164149	1.06993E-08
589.227738	1.06976E-08
595.301021	1.07756E-08
601.4369024	1.10067E-08
607.6360276	1.1083E-08
613.8990483	1.12124E-08
620.2266232	1.13477E-08
626.6194176	1.13459E-08
633.0781038	1.15282E-08
639.6033609	1.16168E-08
646.195875	1.17437E-08
652.8563395	1.18942E-08
659.5854546	1.19632E-08
666.383928	1.23248E-08
673.2524746	1.23228E-08
680.1918166	1.25768E-08
687.2026837	1.27689E-08
694.2858132	1.27668E-08
701.4419499	1.30738E-08
708.6718462	1.30717E-08
715.9762624	1.31948E-08
723.3559667	1.33838E-08
730.8117349	1.33817E-08
738.3443513	1.37034E-08
745.9546077	1.37012E-08
753.6433045	1.3699E-08
761.4112501	1.41164E-08
769.2592615	1.41949E-08
777.1881638	1.43972E-08
785.1987908	1.47088E-08
793.2919849	1.47064E-08
801.4685971	1.4867E-08
809.7294872	1.50576E-08
818.0755239	1.50551E-08
826.5075847	1.52017E-08
835.0265565	1.54146E-08
843.6333349	1.54122E-08
852.328825	1.57827E-08
861.1139412	1.57802E-08
869.9896072	1.5922E-08
878.9567565	1.63514E-08
888.0163318	1.63488E-08
897.169286	1.65675E-08
906.4165814	1.69228E-08
915.7591904	1.69379E-08
925.1980955	1.71336E-08
934.7342892	1.73424E-08
944.3687743	1.73525E-08
954.1025638	1.77246E-08
963.9366814	1.77536E-08
973.8721611	1.80559E-08
983.9100477	1.81776E-08
994.0513967	1.77451E-08


